71.389503
55.290733
42.819965
33.161572
25.682621
19.890091
15.404341
11.930525
9.240041
7.156489
5.542885
4.293147
3.325141
2.575531
1.994954
1.545311
1.197060
0.927318
0.718387
0.556542
0.431181
0.334088
0.258876
0.200607
0.155471
0.120503
0.093411
0.072416
0.056151
0.043545
0.033776
0.026205
0.020336
0.015785
0.012257
0.009521
0.007398
0.005751
0.004474
0.003482
0.002712
0.002113
0.001648
0.001287
0.001006
0.000787
0.000617
0.000484
0.000381
0.000300
0.000237
0.000187
0.000149
0.000118
0.000094
0.000076
0.000061
0.000049
0.000040
0.000033
0.000027
0.000022
0.000018
0.000015
0.000013
0.000011
0.000009
0.000008
0.000007
0.000006
